-4.67657
1.5684
-2.12861
4.21373
12.1775
2.19803
-11.3578
2.30619
-18.8681
-8.06136
4.3384
11.8618
2.27681
3.83968
4.57401
5.71585
-9.77313
-0.104403
5.59562
0.431083
18.7764
5.53331
-7.6423
9.33566
1.31989
1.77221
-0.990879
-3.49785
9.93136
-8.55451
2.04543
-0.246569
1.9394
-6.53344
-7.5697
0.682023
10.7907
1.63118
-9.50453
5.88709
-4.91688
4.36533
3.49936
4.99668
9.50616
-0.449859
2.13453
7.88768
7.7446
1.0731
1.66842
-3.15493
2.77339
-11.5824
1.98478
5.43171
9.60427
7.76132
-2.27242
-4.71896
-0.996679
1.05983
4.72053
-1.6717
-0.270029
3.81287
4.25251
0.728445
-4.10278
7.87452
14.0854
-4.08186
0.992682
2.69515
1.88381
14.7674
-2.58753
3.49566
3.80132
6.65887
1.75858
-2.50085
10.1316
-4.29316
1.01156
9.37665
-3.62893
0.431088
-4.54262
1.53182
1.49869
11.9516
-2.21408
10.5145
8.39563
2.05992
7.04097
1.60743
3.54267
7.24047
4.59104
