0.131538
0.458650
0.218959
0.678865
0.934693
0.519416
0.034572
0.529700
0.007698
0.066842
0.686773
0.930436
0.526929
0.653919
0.701191
0.762198
0.047465
0.328234
0.756410
0.365339
0.982550
0.753356
0.072686
0.884707
0.436411
0.477732
0.274907
0.166507
0.897656
0.060564
0.504523
0.319033
0.493977
0.090733
0.073749
0.384142
0.913817
0.464446
0.050084
0.770205
0.125365
0.688455
0.629543
0.725412
0.888572
0.306322
0.513274
0.845982
0.841511
0.415395
0.467917
0.178328
0.571655
0.033054
0.498480
0.748293
0.890737
0.842040
0.212752
0.130427
0.274588
0.414293
0.709820
0.239911
0.317540
0.652059
0.681346
0.387725
0.147533
0.845576
0.955409
0.148152
0.408767
0.564899
0.488515
0.961095
0.199757
0.629269
0.651254
0.803073
0.476432
0.203250
0.901673
0.142021
0.410313
0.885648
0.162199
0.365339
0.135109
0.455307
0.452300
0.931674
0.215248
0.908922
0.860860
0.505956
0.817561
0.462245
0.632739
0.824697
0.702207
